1 128
1 168
1 186
1 196
1 247
1 323
1 335
1 346
1 353
1 384
1 429
1 480
1 80
3 125
3 158
3 160
3 313
3 347
3 487
3 82
4 287
4 490
4 493
4 90
5 113
5 170
5 180
5 232
5 311
5 38
5 450
5 53
5 6
5 63
5 78
5 94
7 267
7 302
7 338
7 485
7 57
9 11
9 134
9 15
9 170
9 243
9 295
9 41
9 411
9 56
9 96
11 338
12 13
12 246
12 266
12 267
12 278
12 302
12 338
12 485
12 57
13 267
13 302
13 338
13 485
13 57
14 123
14 150
14 26
14 65
15 113
15 180
15 311
15 394
15 42
15 53
15 6
15 89
16 386
17 109
17 18
19 214
19 339
19 456
19 474
21 126
21 22
21 425
21 51
23 13
23 198
23 246
23 266
23 267
23 278
23 302
23 485
23 57
24 54
29 131
29 218
29 235
29 320
29 336
29 374
29 409
29 414
29 488
29 71
30 191
30 336
30 350
30 455
30 55
31 482
36 131
36 138
36 235
36 320
36 360
36 476
36 488
36 50
36 71
38 394
38 42
38 6
38 89
39 112
39 14
39 231
39 317
39 363
39 40
39 41
39 411
39 433
39 449
39 77
39 9
40 134
40 14
40 317
40 41
40 411
40 9
40 96
41 11
41 134
41 15
41 170
41 232
41 243
41 295
41 38
41 450
41 56
41 63
41 78
41 94
43 21
43 44
44 215
44 250
44 271
44 79
45 106
45 280
45 370
45 441
45 442
45 46
45 464
47 48
55 60
56 16
56 211
56 275
56 416
56 62
57 186
57 316
57 335
58 146
58 244
58 248
58 259
58 322
58 327
58 337
58 381
63 453
65 11
65 113
65 15
65 170
65 180
65 232
65 311
65 38
65 450
65 53
65 56
65 6
65 63
65 78
65 94
66 13
66 246
66 267
66 278
66 302
66 338
66 485
66 57
69 331
72 332
72 446
73 348
76 338
77 161
77 448
80 316
81 160
81 218
81 350
81 374
81 414
81 455
81 55
81 82
82 10
82 199
82 83
84 471
85 435
86 410
86 87
88 102
88 150
88 65
88 95
90 304
90 444
90 460
90 47
90 97
94 394
94 42
94 6
94 89
95 11
95 134
95 15
95 170
95 243
95 295
95 41
95 411
95 450
95 56
95 96
96 303
96 460
96 47
96 97
99 125
99 129
99 276
99 307
99 388
99 400
99 465
99 479
99 497
99 69
101 293
103 110
103 359
103 86
104 146
104 248
104 259
104 322
104 327
104 337
104 381
105 106
105 281
105 35
105 370
105 442
105 46
105 464
107 108
107 17
107 189
107 206
107 217
107 274
107 290
107 319
107 349
107 408
107 462
107 470
110 424
110 91
112 173
112 304
112 444
112 47
112 97
114 224
114 309
114 402
117 102
117 150
117 26
117 65
118 288
119 426
119 5
121 115
121 122
121 224
121 332
121 402
121 446
122 332
122 446
124 125
124 129
124 292
124 388
124 475
124 479
124 497
124 69
124 93
125 10
125 199
125 361
125 83
127 128
127 168
127 186
127 196
127 247
127 323
127 335
127 346
127 353
127 384
127 429
127 480
127 80
128 186
128 316
128 335
130 351
130 36
131 132
131 219
131 255
131 468
133 115
133 122
133 224
133 402
136 13
136 246
136 267
136 278
136 302
136 338
136 485
136 57
137 395
139 114
139 12
139 121
139 140
139 143
139 147
139 167
139 171
139 184
139 190
139 193
139 314
139 340
139 376
139 382
139 428
139 438
139 45
139 451
140 12
140 136
140 141
140 148
140 149
140 171
140 185
140 193
140 262
140 315
140 343
140 383
140 397
140 413
140 438
140 45
140 451
140 480
140 500
140 76
141 377
142 105
142 23
142 245
142 248
142 260
142 261
142 322
142 334
142 367
142 372
144 175
144 287
144 294
144 490
144 493
146 114
146 12
146 121
146 140
146 143
146 147
146 167
146 171
146 177
146 184
146 190
146 193
146 301
146 314
146 340
146 376
146 382
146 428
146 438
146 45
146 451
147 222
152 153
152 309
152 401
152 7
153 128
153 168
153 186
153 196
153 247
153 323
153 335
153 346
153 353
153 384
153 429
153 480
153 80
154 303
154 460
154 47
154 97
155 110
155 169
155 86
156 112
156 119
156 14
156 231
156 317
156 363
156 40
156 403
156 41
156 411
156 433
156 449
156 77
156 9
157 158
157 241
157 283
158 37
158 393
159 191
159 21
159 488
161 472
163 321
164 291
164 424
164 91
167 128
167 136
167 141
167 148
167 149
167 168
167 185
167 262
167 315
167 323
167 343
167 346
167 353
167 383
167 397
167 413
167 429
167 480
167 500
167 76
170 28
170 427
171 13
171 198
171 246
171 266
171 267
171 278
171 302
171 485
171 57
172 162
172 236
172 293
172 434
177 178
179 310
181 299
182 120
182 139
182 142
182 152
182 166
182 177
182 183
182 192
182 194
182 197
182 252
182 265
182 301
182 342
182 352
182 355
182 371
182 375
182 405
182 484
183 105
183 127
183 23
183 245
183 248
183 260
183 261
183 334
183 367
183 372
183 454
183 463
184 128
184 136
184 141
184 148
184 149
184 168
184 185
184 262
184 315
184 323
184 343
184 346
184 353
184 383
184 397
184 413
184 429
184 438
184 480
184 500
184 76
185 128
185 168
185 186
185 196
185 247
185 323
185 335
185 343
185 346
185 353
185 384
185 429
185 480
185 76
185 80
186 316
188 472
190 12
190 136
190 141
190 148
190 149
190 167
190 171
190 185
190 193
190 262
190 315
190 343
190 376
190 383
190 397
190 413
190 438
190 45
190 451
190 500
190 76
195 186
195 196
195 247
195 316
195 335
195 384
195 80
200 254
200 313
200 330
200 356
200 406
203 158
203 276
203 307
203 330
203 356
203 388
203 400
203 406
203 465
203 487
203 69
203 82
204 331
205 27
205 283
205 285
205 347
205 455
207 154
210 321
213 210
213 214
213 365
213 456
214 291
214 424
214 91
216 108
216 124
216 17
216 189
216 206
216 217
216 225
216 290
216 349
216 373
216 408
216 462
216 470
217 131
217 218
217 292
217 320
217 336
217 374
217 409
217 414
217 475
217 488
217 71
217 83
218 132
218 219
218 255
218 468
218 93
220 173
220 304
220 325
220 399
220 444
220 61
222 223
222 263
222 368
222 369
223 115
223 122
223 224
223 332
223 446
224 332
225 291
225 424
225 91
227 359
227 410
229 230
229 328
237 16
240 159
240 164
240 210
240 214
240 269
240 29
240 339
240 456
243 16
243 211
243 275
243 416
243 491
243 62
244 146
244 248
244 259
244 260
244 322
244 327
244 337
244 372
244 381
246 267
246 338
246 485
246 57
247 186
247 316
247 335
247 384
248 127
248 198
248 23
248 266
248 334
248 454
248 463
251 133
251 345
251 75
256 161
256 162
256 236
256 434
259 105
259 127
259 23
259 245
259 260
259 261
259 334
259 367
259 372
259 454
259 463
260 105
260 127
260 198
260 23
260 261
260 266
260 334
260 367
260 454
260 463
261 128
261 136
261 141
261 148
261 149
261 168
261 247
261 262
261 323
261 343
261 346
261 353
261 383
261 397
261 413
261 429
261 480
261 500
261 76
261 80
262 263
262 368
262 377
265 187
266 13
266 246
266 267
266 278
266 302
266 338
266 485
266 57
267 316
269 423
269 445
269 448
270 287
270 490
270 493
270 90
276 60
278 168
278 186
278 196
278 247
278 316
278 323
278 335
278 353
278 384
278 80
280 128
280 168
280 186
280 196
280 247
280 323
280 335
280 346
280 353
280 384
280 429
280 480
280 80
281 316
282 287
282 490
282 493
282 90
283 111
283 202
283 234
283 242
283 32
283 380
283 499
284 54
285 439
285 87
286 351
286 36
286 362
286 8
287 448
289 436
290 351
290 36
290 362
290 379
290 8
291 131
291 138
291 235
291 320
291 360
291 409
291 476
291 488
291 71
292 138
292 272
292 361
292 50
293 59
294 174
294 48
295 113
295 180
295 232
295 311
295 38
295 42
295 450
295 53
295 6
295 63
295 78
295 89
295 94
296 12
296 136
296 141
296 148
296 149
296 171
296 185
296 262
296 315
296 343
296 383
296 397
296 413
296 429
296 438
296 45
296 451
296 480
296 500
296 76
298 108
298 124
298 17
298 189
298 206
298 217
298 225
298 290
298 349
298 373
298 408
298 470
299 461
301 13
301 198
301 246
301 266
301 267
301 278
301 302
301 485
301 57
303 237
304 24
304 385
304 494
308 224
308 309
308 402
311 16
312 44
312 478
313 186
313 196
313 247
313 316
313 335
313 384
313 80
314 12
314 136
314 141
314 148
314 149
314 171
314 185
314 262
314 315
314 343
314 346
314 383
314 397
314 413
314 429
314 438
314 451
314 480
314 500
314 76
315 263
315 368
315 377
319 131
319 138
319 235
319 320
319 360
319 476
319 488
319 50
319 71
325 5
327 34
328 332
328 446
329 208
329 285
329 43
329 432
330 100
330 22
330 348
330 51
337 187
337 195
339 439
340 280
340 341
340 441
340 46
343 186
343 196
343 247
343 316
343 323
343 335
343 384
343 80
344 133
344 223
344 345
344 369
344 75
345 128
345 136
345 141
345 148
345 149
345 168
345 185
345 262
345 315
345 323
345 343
345 346
345 353
345 383
345 397
345 413
345 429
345 480
345 500
345 76
347 215
347 271
347 79
349 191
349 21
349 336
349 350
349 409
349 455
349 55
350 131
350 235
350 320
350 336
350 409
350 488
350 71
352 12
352 136
352 141
352 148
352 149
352 167
352 171
352 185
352 193
352 262
352 315
352 340
352 343
352 376
352 383
352 397
352 413
352 438
352 45
352 451
352 500
352 76
353 186
353 316
353 335
354 114
354 120
354 121
354 139
354 140
354 143
354 147
354 152
354 166
354 177
354 190
354 192
354 194
354 265
354 301
354 314
354 342
354 352
354 355
354 371
354 375
354 382
354 405
354 428
354 484
356 145
356 357
356 453
359 215
359 250
359 271
359 79
362 10
362 199
362 272
362 361
362 83
363 364
367 106
367 35
367 370
367 441
367 442
367 46
367 464
368 332
368 446
371 105
371 127
371 23
371 245
371 260
371 261
371 334
371 367
371 372
371 454
371 463
373 458
374 10
374 199
374 361
374 83
375 105
375 127
375 23
375 245
375 248
375 260
375 261
375 334
375 367
375 372
375 454
375 463
376 223
376 263
376 368
376 369
378 407
379 111
379 202
379 242
379 32
379 380
379 466
381 105
381 23
381 245
381 248
381 259
381 260
381 261
381 322
381 334
381 337
381 367
381 372
382 127
382 13
382 198
382 266
382 278
382 454
382 463
384 316
385 423
385 445
385 54
387 158
387 160
387 487
387 82
389 291
389 324
389 33
390 391
392 132
392 219
392 255
392 468
396 12
396 128
396 136
396 141
396 148
396 149
396 171
396 185
396 262
396 315
396 343
396 346
396 353
396 383
396 397
396 413
396 429
396 438
396 451
396 480
396 500
396 76
398 426
398 5
399 377
401 115
401 122
401 224
401 402
403 304
403 444
403 47
403 97
406 338
407 202
407 234
407 242
407 380
407 499
408 131
408 138
408 235
408 320
408 360
408 409
408 476
408 488
408 71
412 222
413 338
414 111
414 202
414 234
414 242
414 32
414 380
415 395
417 291
417 324
417 91
418 1
419 133
419 345
419 75
428 253
428 280
428 341
428 441
428 46
428 66
431 276
431 307
431 330
431 356
431 400
431 406
431 465
432 250
432 271
432 49
432 79
434 174
434 435
434 48
435 237
435 24
435 494
436 395
437 251
437 279
437 344
437 419
437 440
437 459
438 186
438 196
438 247
438 316
438 323
438 335
438 384
438 80
443 68
447 293
449 11
449 134
449 15
449 170
449 232
449 243
449 295
449 38
449 450
449 56
449 63
449 78
451 13
451 246
451 267
451 278
451 302
451 338
451 485
451 57
453 394
455 351
455 36
457 27
457 283
457 285
457 347
457 455
459 1
462 131
462 199
462 235
462 320
462 336
462 360
462 409
462 476
462 488
462 71
469 130
469 241
469 283
469 30
469 350
469 378
469 431
469 55
470 215
471 364
473 20
473 271
473 365
473 404
473 467
473 49
475 138
475 272
475 360
475 361
475 476
475 50
477 44
477 478
478 125
478 129
478 276
478 307
478 388
478 400
478 465
478 479
478 497
478 69
483 436
492 102
492 95
495 241
495 285
495 30
495 378
495 431
496 241
496 285
496 30
496 378
496 431
500 106
500 281
500 35
500 370
500 442
500 464
502 502
